6,783587253753	15,7048449114179	8,30031460296097	9,08357391793142	12,004064778701	2,15478653942742	7,11313586318672	12,5106191117093	7,39547611017426	7,27519077497032
3,54673865729114	6,10606214720841	5,4862230820996	7,37237380550871	4,72265728336442	1,70030916903845	5,93312356787571	5,43282918349036	4,40201630129286	5,07248374879883
0,86175791059769	1,17198904599564	1,03968932256617	1,1010826306914	1,03585269345995	0,510671354428261	0,974881797350919	1,12254374158816	0,684492973580663	0,959072974959019
0,123734583403092	0,174153579612139	0,141637505607896	0,173400786958966	0,163200497428071	0,026629834254144	0,145330017325211	0,157314939434724	0,10729173693086	0,178866655361483
0,021088230369998	0,023425473648913	0,024467474203679	0,027673749297358	0,024980611610423	0,014043864054914	0,022481864416252	0,025594661283087	0,018650028105677	0,027071166129671
0,003903119593727	0,00454622478064	0,004809174517721	0,006247937043283	0,005838901136171	0,002786226909984	0,004230514726429	0,005261731718259	0,004182428330523	0,005954462721158
0,001598861543613	0,002149443916615	0,002572341857335	0,002682967959528	0,003249109716805	0,001572074334505	0,002161180349857	0,002854979811575	0,002537942664418	0,003413600135662
-
0,009578004394614	0,022457142857143	0,011744680851064	0,012867228421772	0,017074853397723	0,003022670025189	0,010047981936212	0,017808219178082	0,010450982619562	0,010279253040946
0,01512576478586	0,026327865091201	0,023592216290684	0,031962410812692	0,020242214532872	0,007194648979821	0,025563134063163	0,023357245337159	0,018841990722181	0,021774286704401
0,037519541427827	0,051725151354846	0,045619795942301	0,048444130127299	0,045443800969153	0,021899059024808	0,042654856943069	0,049435028248588	0,029573470686961	0,041934153954886
0,054120830637096	0,07789156626506	0,062440419447093	0,077528770442156	0,072636876250531	0,011173184357542	0,064172713215178	0,06983441324694	0,046593716907872	0,080168518744658
0,08540795929493	0,095780513197379	0,100469019995063	0,115150755343822	0,102792669243237	0,055300353356891	0,091569058077111	0,105586211172422	0,074794586756887	0,112361670020121
0,078223719838739	0,092302057261462	0,09816479862052	0,131391503434241	0,121742438653224	0,054617150256018	0,085345141332039	0,108403779214321	0,084293289449625	0,124451789232823
0,056295684979958	0,077177773764373	0,09378641967736	0,09821593925551	0,121458003169572	0,055300353356891	0,077631895928692	0,105175085218469	0,092416334049739	0,128396479142748
-