8,9782497511676	15,1302900892582	20,1744763971785	20,3347017001546	20,2622199057988	13,4126292014394	13,3696745152355	19,0659886830478	16,7982318392581	16,0662288626361
4,84771303881785	5,73279393659588	7,69386171614603	7,37635471406492	8,05012277044244	6,15987596661818	5,58626885195445	6,7897868382296	7,68906800618238	8,74853524824338
0,760823061021361	1,0415081563558	1,12675761568871	0,88579829984544	1,0561670913443	0,977940433351198	0,909485995690982	1,34287342066506	0,929996136012365	1,17208786966257
0,132669014623689	0,158181748230225	0,21333385008914	0,15514142194745	0,213998919002394	0,159424240104127	0,15892351492767	0,21725680179831	0,172462132921175	0,205438962242298
0,021996478064467	0,029138504155125	0,040466940547244	0,026385780525502	0,033978534476102	0,027618712196616	0,027303170206217	0,039158204790326	0,027483462132921	0,032509304300826
0,004539284893959	0,005592782394583	0,008240353460972	0,00505570324575	0,007348637170875	0,004704050225863	0,005692136041859	0,008532268816371	0,005301004636785	0,006156404910818
0,001759436490315	0,003084025854109	0,004315944500426	0,002239567233385	0,003467685892981	0,002797641834469	0,002721606648199	0,004364777924192	0,002626738794436	0,002974287699792
-
0,012716135535396	0,021617797342976	0,029034059184813	0,029271396754693	0,029164017800382	0,019116729088639	0,019054340155258	0,027395078442303	0,024058246280469	0,022985781990521
0,020789370847988	0,024678703776709	0,033402755527075	0,03198022170827	0,03500359625989	0,026566061463491	0,02403277913482	0,029362483044762	0,033381249001757	0,038156312625251
0,032980069598228	0,045703250724171	0,049629810430396	0,038606629745566	0,046376343217258	0,042794411177645	0,03968	0,059717430589782	0,040611178126257	0,051729738509014
0,058256360395398	0,070246232397266	0,09711710179437	0,06880317171884	0,097449368697568	0,070837091087973	0,070598896119944	0,099079911398876	0,077076743798901	0,093188148898455
0,08941529735591	0,121989121989122	0,177850817127728	0,109206240356592	0,145194093200106	0,114895433205292	0,113433858807402	0,171114742193174	0,114268492207009	0,13804920913884
0,092148172924158	0,116015457277802	0,180869565217391	0,103718867280792	0,158200679663745	0,095813407165031	0,118320282247655	0,188484569322893	0,109301328761252	0,129217891708083
0,062301748678325	0,114579759862779	0,16803983703033	0,080674795390012	0,13069669984285	0,102845562779701	0,0997715156131	0,170264876632801	0,095960023714746	0,110053998457187
-
